|--Layer 0|
15131 1 14121 12
21 12131 1 1 1 1
131 141 1 1 1213
 121 1 1 131 1 1
1 131 121 1 1 12
21 1 1 15121 1 1
1312131 131 131 
4151 1 1 1 1 121
1 13121 12131 14
21 1 131 1 1 1 1
1 1215121 1 1213
31 1 1 13121 1 1
1 1 121 151 131 
 12141 1 1 1 141
131 131 1 131513
21 1 15121 1 121
|--Layer 1|
3121 121 131 141
1 1 1 1 121 131 
 1 131 1 1 1 1 1
1 1 151 1 12151 
314121 131 131 1
1 1 1 1 1 141 1 
 1 1 1 121 121 1
1 1 1 1 1 1 1 13
31 1 1 13151 1 1
1 1 1 1 1 121 1 
 131 141 1 13151
1 1 131 1 141 12
21 1 1 1 1 1 1 1
15131 13121 1 1 
41 1 121 1 121 1
1 121 1 131 131 
|--Layer 2|
1 141 131 1 1213
 1 1 1 1 151 1 1
121 1 1 1 131 12
51 1 131 1 1 1 1
1 1 1 1 1 1 121 
 1 1 1 1 1 1 1 1
1 1312131 1 1 1 
 121 151 131 1 1
1 141 121 1 121 
 1 1 1 1 1 1 131
1 1 1 13121 1 1 
 121 1 1 131 1 1
1 1 1 121 121 13
 1 1 1 1 1 131 1
121 1 1 1 1 1 12
31 131 1 15141 1
|--Layer 3|
21312151 1213151
1 1 1 1 131 1 1 
41 1 1 1 1 121 1
131 121 121 1 1 
 1 1 1 1 131 131
1 1 131 1 1 1 15
21 1 1 1 1 13121
1 1 1 141 12141 
 1 12131 1 1 1 1
121 1 1 131 1 1 
51 131 1 1 121 1
141 121 1 15131 
31 1 1 1 1 1 121
1 12131 1 1 1 1 
 1 151 14131 131
1 141 13121 1215
|--Layer 4|
1 1 1 1 1 141 12
3121 131 1 1 1 1
1 1 1 121 1 131 
21 13141 1 1 121
1 151 131 121 1 
 121 121 1 1 1 1
1 1 1 1 1 1 1 13
 131 1 131 1 1 1
1 1 1 1 121 151 
 1 1 1 1 1 1 121
1 121 121 131 13
2131 1 1 121 1 1
1 1 1 1 131 141 
 1 1 1 1 1 1 1 1
131 121 1 121 1 
5121 1 1 1 131 1
|--Layer 5|
51 1 12131 121 1
1 131 1 12131 1 
 1 1 1 1 1 1 1 1
1 121 151 1 1 1 
31 1 1 121 1 1 1
14131 1 13151314
51 1 131 141 1 1
121 1 1 1 1 121 
31 131 1 131 131
1 1 1 131 121 1 
 1 1 151 1 1 1 1
1 1 1 1 1 1 1 12
 1 1413121 121 1
121 1 1 1 1 131 
 1 131 1 1 1 1 1
1 1 1 12131 1 13
|--Layer 6|
131 13141 15131 
 1 1 1 1 1 1 1 1
121 121 1 1 1 13
 1 1 1 1 131 1 1
1 1 131 1 1 121 
 1 121 1 121 1 1
131 151 1 1 1 12
 1 1 121 1 1 1 1
1 12141 151 1 1 
4151 1 121 131 1
121 1 1 13141215
 1 131 1 1 1 131
1 1 121 1 131 1 
 131 1 131 15121
141 1 1 121 1 1 
21 1213151 1 141
|--Layer 7|
21 121 12131 1 1
1 141 1 1 1 1 14
 151 131 1213121
131 1 121 1 151 
 1 1 1 131 141 1
121 1 1 1 1 1 1 
 1 131 121 12131
1 1 1 1 1 131 1 
2131 1 131 1 1 1
1 1 121 1 1 1 13
31 1 131 1 1 1 1
1 121 1 121 1 1 
21 1 1 141 1 1 1
1 1 131 1 1 1 1 
31 1 121 1 1 131
1 13141 1 121 12
|--Layer 8|
1 131 1 1 1 1 12
 1 1 1213141 131
1 1 1 1 151 1 1 
4121 1 1 1 121 1
1 1 1 1 121 1312
 1 1 121 1 1 1 1
1 121 14131 1 15
31 1 131 1 1 141
1 1 1 1 121 1 12
 12131 1 13121 1
1 1 1 121 1 1 1 
 1 1 1 151 13121
15131 1 1 1 1 1 
 1 121 1 121 1 1
1 1 1 1 131 1215
 121 1 121 131 1
|--Layer 9|
31215131 1 121 1
1 1 1 1 1 1 1 1 
 1 1 1 12131 1 1
1 13121 1 1 1 13
21 14151 1 1 1 1
131 1 131 1 1 1 
 1 1 1 1 12131 1
1 151 1 1 1 1213
 1 1 121 1 1 1 1
131 1 1 1 15131 
 1 121413121 1 1
141 1 1 1 1 1 14
31 1 13121 12131
121 1 1 1 131 12
 1 13151 1 1 1 1
131 1 1314151 13
|--Layer 10|
141 1 1 121 131 
2131 141 1 151 1
1 121 1 1 121 12
31 1 1 1 1 131 1
151 1 12141 1 14
 12131 1 1312131
1 1 121 151 1 1 
21 1 1 121 1 1 1
1 12131 131 1 1 
 1 1 1 1 1 1 1 1
1213151 1 131213
 1 1 1 1 1 1 1 1
1 121 1 1314151 
 131 121 1 1 1 1
1 141 1 121 131 
21 121 1 13121 1
|--Layer 11|
51 1 121 1 1 1 1
1 1 1 15131 1 13
 1 1 131 1 1 1 1
121 1 1 1 1 1 1 
 13121 131 1 121
1 1 1 1 121 151 
3141 1 1 1 141 1
1 131 131 1 1312
 1 1 1 1 121 1 1
1 1 1 1 141 1 15
51 1 121 1 1 1 1
131 1 13121 131 
 1 131 1 1 1 1 1
1 151 14151 121 
3121 1 131 1 141
1 1 1 121 1 1 12
|--Layer 12|
12131 1 141 1 1 
 1 121 1 121 121
13141 121 1 1 1 
 1 151 1 1 121 1
1 1 131 1 1 1 1 
 1 1 121 1 131 1
1 121 1 1 121 1 
 1 1 151 1 1 1 1
131 121 1 131 13
412131 121 1 121
1 1 1 1 1 121 1 
21 1 1 1 131 1 1
1 1 121 1 1 1 12
 1 1 1 121 1 131
1 1 1 1 1 121 1 
5131 131 1 131 1
|--Layer 13|
 1 1 1312151 131
1 1 1 1 1 131 1 
21 131 131 1 151
1 1 121 12141312
3121 1 1 1 1 1 1
1 131 131 1 121 
51 1 1 12131 131
121 141 1 1 1 1 
 1 1 1 131 121 1
1 151 1 1 1 131 
 1312131 1 141 1
1 1 1 1 1 1 121 
 12141 1 121 1 1
131 131 1 131 1 
 1 1 121 141 121
1 1 151 121 151 
|--Layer 14|
131 1 1 131 1 12
 121 1 1 1 1 141
1 1 1 1 1 121 1 
4131 131 131 1 1
1 1 1 121 1 1 13
21 1 1 1 151 1 1
1 1 131 1 1 1 12
31 121 1 141 1 1
1 1 1 1 1 1 151 
 1 1 1 1 131 1 1
121 1 14121 1 12
31 13121 1 1 1 1
1 1 1 131 151 13
 1 1 1 1 1 121 1
1 1 1 1 131 1 1 
21 13141 1 1 131
|--Layer 15|
21412151 1 121 1
15131 13121 1 13
31 1 121 1 131 1
1 121 141 1 121 
 1 131 1 121 1 1
13141 1 131 1315
 1215121 1 12141
1 131 13121 1 13
21 1 1 151 13121
131213121 1 1 1 
 141 1 131 12131
1 1 1 1 1 131 15
51 1215121 1 121
12131 1 1 1 131 
31 1 131 121 1 1
14121 1215131214
