|--Layer 0|
1 131 1 1 121 12
21 12131 1 1 1 1
131 1 1 1 1 1213
 121 1 1 131 1 1
1 131 121 1 1 12
21 1 1 1 121 1 1
1312131 131 131 
 1 1 1 1 1 1 121
1 13121 12131 1 
21 1 131 1 1 1 1
1 121 121 1 1213
31 1 1 13121 1 1
1 1 121 1 1 131 
 121 1 1 1 1 1 1
131 131 1 131 13
21 1 1 121 1 121
|--Layer 1|
3121 121 131 1 1
1 1 1 1 121 131 
 1 131 1 1 1 1 1
1 1 1 1 1 121 1 
31 121 131 131 1
1 1 1 1 1 1 1 1 
 1 1 1 121 121 1
1 1 1 1 1 1 1 13
31 1 1 131 1 1 1
1 1 1 1 1 121 1 
 131 1 1 1 131 1
1 1 131 1 1 1 12
21 1 1 1 1 1 1 1
1 131 13121 1 1 
 1 1 121 1 121 1
1 121 1 131 131 
|--Layer 2|
1 1 1 131 1 1213
 1 1 1 1 1 1 1 1
121 1 1 1 131 12
 1 1 131 1 1 1 1
1 1 1 1 1 1 121 
 1 1 1 1 1 1 1 1
1 1312131 1 1 1 
 121 1 1 131 1 1
1 1 1 121 1 121 
 1 1 1 1 1 1 131
1 1 1 13121 1 1 
 121 1 1 131 1 1
1 1 1 121 121 13
 1 1 1 1 1 131 1
121 1 1 1 1 1 12
31 131 1 1 1 1 1
|--Layer 3|
213121 1 12131 1
1 1 1 1 131 1 1 
 1 1 1 1 1 121 1
131 121 121 1 1 
 1 1 1 1 131 131
1 1 131 1 1 1 1 
21 1 1 1 1 13121
1 1 1 1 1 121 1 
 1 12131 1 1 1 1
121 1 1 131 1 1 
 1 131 1 1 121 1
1 1 121 1 1 131 
31 1 1 1 1 1 121
1 12131 1 1 1 1 
 1 1 1 1 131 131
1 1 1 13121 121 
|--Layer 4|
1 1 1 1 1 1 1 12
3121 131 1 1 1 1
1 1 1 121 1 131 
21 131 1 1 1 121
1 1 1 131 121 1 
 121 121 1 1 1 1
1 1 1 1 1 1 1 13
 131 1 131 1 1 1
1 1 1 1 121 1 1 
 1 1 1 1 1 1 121
1 121 121 131 13
2131 1 1 121 1 1
1 1 1 1 131 1 1 
 1 1 1 1 1 1 1 1
131 121 1 121 1 
 121 1 1 1 131 1
|--Layer 5|
 1 1 12131 121 1
1 131 1 12131 1 
 1 1 1 1 1 1 1 1
1 121 1 1 1 1 1 
31 1 1 121 1 1 1
1 131 1 131 131 
 1 1 131 1 1 1 1
121 1 1 1 1 121 
31 131 1 131 131
1 1 1 131 121 1 
 1 1 1 1 1 1 1 1
1 1 1 1 1 1 1 12
 1 1 13121 121 1
121 1 1 1 1 131 
 1 131 1 1 1 1 1
1 1 1 12131 1 13
|--Layer 6|
131 131 1 1 131 
 1 1 1 1 1 1 1 1
121 121 1 1 1 13
 1 1 1 1 131 1 1
1 1 131 1 1 121 
 1 121 1 121 1 1
131 1 1 1 1 1 12
 1 1 121 1 1 1 1
1 121 1 1 1 1 1 
 1 1 1 121 131 1
121 1 1 131 121 
 1 131 1 1 1 131
1 1 121 1 131 1 
 131 1 131 1 121
1 1 1 1 121 1 1 
21 12131 1 1 1 1
|--Layer 7|
21 121 12131 1 1
1 1 1 1 1 1 1 1 
 1 1 131 1213121
131 1 121 1 1 1 
 1 1 1 131 1 1 1
121 1 1 1 1 1 1 
 1 131 121 12131
1 1 1 1 1 131 1 
2131 1 131 1 1 1
1 1 121 1 1 1 13
31 1 131 1 1 1 1
1 121 1 121 1 1 
21 1 1 1 1 1 1 1
1 1 131 1 1 1 1 
31 1 121 1 1 131
1 131 1 1 121 12
|--Layer 8|
1 131 1 1 1 1 12
 1 1 12131 1 131
1 1 1 1 1 1 1 1 
 121 1 1 1 121 1
1 1 1 1 121 1312
 1 1 121 1 1 1 1
1 121 1 131 1 1 
31 1 131 1 1 1 1
1 1 1 1 121 1 12
 12131 1 13121 1
1 1 1 121 1 1 1 
 1 1 1 1 1 13121
1 131 1 1 1 1 1 
 1 121 1 121 1 1
1 1 1 1 131 121 
 121 1 121 131 1
|--Layer 9|
3121 131 1 121 1
1 1 1 1 1 1 1 1 
 1 1 1 12131 1 1
1 13121 1 1 1 13
21 1 1 1 1 1 1 1
131 1 131 1 1 1 
 1 1 1 1 12131 1
1 1 1 1 1 1 1213
 1 1 121 1 1 1 1
131 1 1 1 1 131 
 1 121 13121 1 1
1 1 1 1 1 1 1 1 
31 1 13121 12131
121 1 1 1 131 12
 1 131 1 1 1 1 1
131 1 131 1 1 13
|--Layer 10|
1 1 1 1 121 131 
2131 1 1 1 1 1 1
1 121 1 1 121 12
31 1 1 1 1 131 1
1 1 1 121 1 1 1 
 12131 1 1312131
1 1 121 1 1 1 1 
21 1 1 121 1 1 1
1 12131 131 1 1 
 1 1 1 1 1 1 1 1
12131 1 1 131213
 1 1 1 1 1 1 1 1
1 121 1 131 1 1 
 131 121 1 1 1 1
1 1 1 1 121 131 
21 121 1 13121 1
|--Layer 11|
 1 1 121 1 1 1 1
1 1 1 1 131 1 13
 1 1 131 1 1 1 1
121 1 1 1 1 1 1 
 13121 131 1 121
1 1 1 1 121 1 1 
31 1 1 1 1 1 1 1
1 131 131 1 1312
 1 1 1 1 121 1 1
1 1 1 1 1 1 1 1 
 1 1 121 1 1 1 1
131 1 13121 131 
 1 131 1 1 1 1 1
1 1 1 1 1 1 121 
3121 1 131 1 1 1
1 1 1 121 1 1 12
|--Layer 12|
12131 1 1 1 1 1 
 1 121 1 121 121
131 1 121 1 1 1 
 1 1 1 1 1 121 1
1 1 131 1 1 1 1 
 1 1 121 1 131 1
1 121 1 1 121 1 
 1 1 1 1 1 1 1 1
131 121 1 131 13
 12131 121 1 121
1 1 1 1 1 121 1 
21 1 1 1 131 1 1
1 1 121 1 1 1 12
 1 1 1 121 1 131
1 1 1 1 1 121 1 
 131 131 1 131 1
|--Layer 13|
 1 1 13121 1 131
1 1 1 1 1 131 1 
21 131 131 1 1 1
1 1 121 121 1312
3121 1 1 1 1 1 1
1 131 131 1 121 
 1 1 1 12131 131
121 1 1 1 1 1 1 
 1 1 1 131 121 1
1 1 1 1 1 1 131 
 1312131 1 1 1 1
1 1 1 1 1 1 121 
 121 1 1 121 1 1
131 131 1 131 1 
 1 1 121 1 1 121
1 1 1 1 121 1 1 
|--Layer 14|
131 1 1 131 1 12
 121 1 1 1 1 1 1
1 1 1 1 1 121 1 
 131 131 131 1 1
1 1 1 121 1 1 13
21 1 1 1 1 1 1 1
1 1 131 1 1 1 12
31 121 1 1 1 1 1
1 1 1 1 1 1 1 1 
 1 1 1 1 131 1 1
121 1 1 121 1 12
31 13121 1 1 1 1
1 1 1 131 1 1 13
 1 1 1 1 1 121 1
1 1 1 1 131 1 1 
21 131 1 1 1 131
|--Layer 15|
21 121 1 1 121 1
1 131 13121 1 13
31 1 121 1 131 1
1 121 1 1 1 121 
 1 131 1 121 1 1
131 1 1 131 131 
 121 121 1 121 1
1 131 13121 1 13
21 1 1 1 1 13121
131213121 1 1 1 
 1 1 1 131 12131
1 1 1 1 1 131 1 
 1 121 121 1 121
12131 1 1 1 131 
31 1 131 121 1 1
1 121 121 13121 
