|--Layer 0|
1 1 1 1 1 1 1 1 
 1 1 1 1 1 1 1 1
1 1 1 1 1 1 1 1 
 1 1 1 1 1 1 1 1
1 1 1 1 1 1 1 1 
 1 1 1 1 1 1 1 1
1 1 1 1 1 1 1 1 
 1 1 1 1 1 1 1 1
1 1 1 1 1 1 1 1 
 1 1 1 1 1 1 1 1
1 1 1 1 1 1 1 1 
 1 1 1 1 1 1 1 1
1 1 1 1 1 1 1 1 
 1 1 1 1 1 1 1 1
1 1 1 1 1 1 1 1 
 1 1 1 1 1 1 1 1
|--Layer 1|
 1 1 1 1 1 1 1 1
1 1 1 1 1 1 1 1 
 1 1 1 1 1 1 1 1
1 1 1 1 1 1 1 1 
 1 1 1 1 1 1 1 1
1 1 1 1 1 1 1 1 
 1 1 1 1 1 1 1 1
1 1 1 1 1 1 1 1 
 1 1 1 1 1 1 1 1
1 1 1 1 1 1 1 1 
 1 1 1 1 1 1 1 1
1 1 1 1 1 1 1 1 
 1 1 1 1 1 1 1 1
1 1 1 1 1 1 1 1 
 1 1 1 1 1 1 1 1
1 1 1 1 1 1 1 1 
|--Layer 2|
1 1 1 1 1 1 1 1 
 1 1 1 1 1 1 1 1
1 1 1 1 1 1 1 1 
 1 1 1 1 1 1 1 1
1 1 1 1 1 1 1 1 
 1 1 1 1 1 1 1 1
1 1 1 1 1 1 1 1 
 1 1 1 1 1 1 1 1
1 1 1 1 1 1 1 1 
 1 1 1 1 1 1 1 1
1 1 1 1 1 1 1 1 
 1 1 1 1 1 1 1 1
1 1 1 1 1 1 1 1 
 1 1 1 1 1 1 1 1
1 1 1 1 1 1 1 1 
 1 1 1 1 1 1 1 1
|--Layer 3|
 1 1 1 1 1 1 1 1
1 1 1 1 1 1 1 1 
 1 1 1 1 1 1 1 1
1 1 1 1 1 1 1 1 
 1 1 1 1 1 1 1 1
1 1 1 1 1 1 1 1 
 1 1 1 1 1 1 1 1
1 1 1 1 1 1 1 1 
 1 1 1 1 1 1 1 1
1 1 1 1 1 1 1 1 
 1 1 1 1 1 1 1 1
1 1 1 1 1 1 1 1 
 1 1 1 1 1 1 1 1
1 1 1 1 1 1 1 1 
 1 1 1 1 1 1 1 1
1 1 1 1 1 1 1 1 
|--Layer 4|
1 1 1 1 1 1 1 1 
 1 1 1 1 1 1 1 1
1 1 1 1 1 1 1 1 
 1 1 1 1 1 1 1 1
1 1 1 1 1 1 1 1 
 1 1 1 1 1 1 1 1
1 1 1 1 1 1 1 1 
 1 1 1 1 1 1 1 1
1 1 1 1 1 1 1 1 
 1 1 1 1 1 1 1 1
1 1 1 1 1 1 1 1 
 1 1 1 1 1 1 1 1
1 1 1 1 1 1 1 1 
 1 1 1 1 1 1 1 1
1 1 1 1 1 1 1 1 
 1 1 1 1 1 1 1 1
|--Layer 5|
 1 1 1 1 1 1 1 1
1 1 1 1 1 1 1 1 
 1 1 1 1 1 1 1 1
1 1 1 1 1 1 1 1 
 1 1 1 1 1 1 1 1
1 1 1 1 1 1 1 1 
 1 1 1 1 1 1 1 1
1 1 1 1 1 1 1 1 
 1 1 1 1 1 1 1 1
1 1 1 1 1 1 1 1 
 1 1 1 1 1 1 1 1
1 1 1 1 1 1 1 1 
 1 1 1 1 1 1 1 1
1 1 1 1 1 1 1 1 
 1 1 1 1 1 1 1 1
1 1 1 1 1 1 1 1 
|--Layer 6|
1 1 1 1 1 1 1 1 
 1 1 1 1 1 1 1 1
1 1 1 1 1 1 1 1 
 1 1 1 1 1 1 1 1
1 1 1 1 1 1 1 1 
 1 1 1 1 1 1 1 1
1 1 1 1 1 1 1 1 
 1 1 1 1 1 1 1 1
1 1 1 1 1 1 1 1 
 1 1 1 1 1 1 1 1
1 1 1 1 1 1 1 1 
 1 1 1 1 1 1 1 1
1 1 1 1 1 1 1 1 
 1 1 1 1 1 1 1 1
1 1 1 1 1 1 1 1 
 1 1 1 1 1 1 1 1
|--Layer 7|
 1 1 1 1 1 1 1 1
1 1 1 1 1 1 1 1 
 1 1 1 1 1 1 1 1
1 1 1 1 1 1 1 1 
 1 1 1 1 1 1 1 1
1 1 1 1 1 1 1 1 
 1 1 1 1 1 1 1 1
1 1 1 1 1 1 1 1 
 1 1 1 1 1 1 1 1
1 1 1 1 1 1 1 1 
 1 1 1 1 1 1 1 1
1 1 1 1 1 1 1 1 
 1 1 1 1 1 1 1 1
1 1 1 1 1 1 1 1 
 1 1 1 1 1 1 1 1
1 1 1 1 1 1 1 1 
|--Layer 8|
1 1 1 1 1 1 1 1 
 1 1 1 1 1 1 1 1
1 1 1 1 1 1 1 1 
 1 1 1 1 1 1 1 1
1 1 1 1 1 1 1 1 
 1 1 1 1 1 1 1 1
1 1 1 1 1 1 1 1 
 1 1 1 1 1 1 1 1
1 1 1 1 1 1 1 1 
 1 1 1 1 1 1 1 1
1 1 1 1 1 1 1 1 
 1 1 1 1 1 1 1 1
1 1 1 1 1 1 1 1 
 1 1 1 1 1 1 1 1
1 1 1 1 1 1 1 1 
 1 1 1 1 1 1 1 1
|--Layer 9|
 1 1 1 1 1 1 1 1
1 1 1 1 1 1 1 1 
 1 1 1 1 1 1 1 1
1 1 1 1 1 1 1 1 
 1 1 1 1 1 1 1 1
1 1 1 1 1 1 1 1 
 1 1 1 1 1 1 1 1
1 1 1 1 1 1 1 1 
 1 1 1 1 1 1 1 1
1 1 1 1 1 1 1 1 
 1 1 1 1 1 1 1 1
1 1 1 1 1 1 1 1 
 1 1 1 1 1 1 1 1
1 1 1 1 1 1 1 1 
 1 1 1 1 1 1 1 1
1 1 1 1 1 1 1 1 
|--Layer 10|
1 1 1 1 1 1 1 1 
 1 1 1 1 1 1 1 1
1 1 1 1 1 1 1 1 
 1 1 1 1 1 1 1 1
1 1 1 1 1 1 1 1 
 1 1 1 1 1 1 1 1
1 1 1 1 1 1 1 1 
 1 1 1 1 1 1 1 1
1 1 1 1 1 1 1 1 
 1 1 1 1 1 1 1 1
1 1 1 1 1 1 1 1 
 1 1 1 1 1 1 1 1
1 1 1 1 1 1 1 1 
 1 1 1 1 1 1 1 1
1 1 1 1 1 1 1 1 
 1 1 1 1 1 1 1 1
|--Layer 11|
 1 1 1 1 1 1 1 1
1 1 1 1 1 1 1 1 
 1 1 1 1 1 1 1 1
1 1 1 1 1 1 1 1 
 1 1 1 1 1 1 1 1
1 1 1 1 1 1 1 1 
 1 1 1 1 1 1 1 1
1 1 1 1 1 1 1 1 
 1 1 1 1 1 1 1 1
1 1 1 1 1 1 1 1 
 1 1 1 1 1 1 1 1
1 1 1 1 1 1 1 1 
 1 1 1 1 1 1 1 1
1 1 1 1 1 1 1 1 
 1 1 1 1 1 1 1 1
1 1 1 1 1 1 1 1 
|--Layer 12|
1 1 1 1 1 1 1 1 
 1 1 1 1 1 1 1 1
1 1 1 1 1 1 1 1 
 1 1 1 1 1 1 1 1
1 1 1 1 1 1 1 1 
 1 1 1 1 1 1 1 1
1 1 1 1 1 1 1 1 
 1 1 1 1 1 1 1 1
1 1 1 1 1 1 1 1 
 1 1 1 1 1 1 1 1
1 1 1 1 1 1 1 1 
 1 1 1 1 1 1 1 1
1 1 1 1 1 1 1 1 
 1 1 1 1 1 1 1 1
1 1 1 1 1 1 1 1 
 1 1 1 1 1 1 1 1
|--Layer 13|
 1 1 1 1 1 1 1 1
1 1 1 1 1 1 1 1 
 1 1 1 1 1 1 1 1
1 1 1 1 1 1 1 1 
 1 1 1 1 1 1 1 1
1 1 1 1 1 1 1 1 
 1 1 1 1 1 1 1 1
1 1 1 1 1 1 1 1 
 1 1 1 1 1 1 1 1
1 1 1 1 1 1 1 1 
 1 1 1 1 1 1 1 1
1 1 1 1 1 1 1 1 
 1 1 1 1 1 1 1 1
1 1 1 1 1 1 1 1 
 1 1 1 1 1 1 1 1
1 1 1 1 1 1 1 1 
|--Layer 14|
1 1 1 1 1 1 1 1 
 1 1 1 1 1 1 1 1
1 1 1 1 1 1 1 1 
 1 1 1 1 1 1 1 1
1 1 1 1 1 1 1 1 
 1 1 1 1 1 1 1 1
1 1 1 1 1 1 1 1 
 1 1 1 1 1 1 1 1
1 1 1 1 1 1 1 1 
 1 1 1 1 1 1 1 1
1 1 1 1 1 1 1 1 
 1 1 1 1 1 1 1 1
1 1 1 1 1 1 1 1 
 1 1 1 1 1 1 1 1
1 1 1 1 1 1 1 1 
 1 1 1 1 1 1 1 1
|--Layer 15|
 1 1 1 1 1 1 1 1
1 1 1 1 1 1 1 1 
 1 1 1 1 1 1 1 1
1 1 1 1 1 1 1 1 
 1 1 1 1 1 1 1 1
1 1 1 1 1 1 1 1 
 1 1 1 1 1 1 1 1
1 1 1 1 1 1 1 1 
 1 1 1 1 1 1 1 1
1 1 1 1 1 1 1 1 
 1 1 1 1 1 1 1 1
1 1 1 1 1 1 1 1 
 1 1 1 1 1 1 1 1
1 1 1 1 1 1 1 1 
 1 1 1 1 1 1 1 1
1 1 1 1 1 1 1 1 
