|--Layer 0|
1 1 1 1 1 121 12
21 121 1 1 1 1 1
1 1 1 1 1 1 121 
 121 1 1 1 1 1 1
1 1 1 121 1 1 12
21 1 1 1 121 1 1
1 121 1 1 1 1 1 
 1 1 1 1 1 1 121
1 1 121 121 1 1 
21 1 1 1 1 1 1 1
1 121 121 1 121 
 1 1 1 1 121 1 1
1 1 121 1 1 1 1 
 121 1 1 1 1 1 1
1 1 1 1 1 1 1 1 
21 1 1 121 1 121
|--Layer 1|
 121 121 1 1 1 1
1 1 1 1 121 1 1 
 1 1 1 1 1 1 1 1
1 1 1 1 1 121 1 
 1 121 1 1 1 1 1
1 1 1 1 1 1 1 1 
 1 1 1 121 121 1
1 1 1 1 1 1 1 1 
 1 1 1 1 1 1 1 1
1 1 1 1 1 121 1 
 1 1 1 1 1 1 1 1
1 1 1 1 1 1 1 12
21 1 1 1 1 1 1 1
1 1 1 1 121 1 1 
 1 1 121 1 121 1
1 121 1 1 1 1 1 
|--Layer 2|
1 1 1 1 1 1 121 
 1 1 1 1 1 1 1 1
121 1 1 1 1 1 12
 1 1 1 1 1 1 1 1
1 1 1 1 1 1 121 
 1 1 1 1 1 1 1 1
1 1 121 1 1 1 1 
 121 1 1 1 1 1 1
1 1 1 121 1 121 
 1 1 1 1 1 1 1 1
1 1 1 1 121 1 1 
 121 1 1 1 1 1 1
1 1 1 121 121 1 
 1 1 1 1 1 1 1 1
121 1 1 1 1 1 12
 1 1 1 1 1 1 1 1
|--Layer 3|
21 121 1 121 1 1
1 1 1 1 1 1 1 1 
 1 1 1 1 1 121 1
1 1 121 121 1 1 
 1 1 1 1 1 1 1 1
1 1 1 1 1 1 1 1 
21 1 1 1 1 1 121
1 1 1 1 1 121 1 
 1 121 1 1 1 1 1
121 1 1 1 1 1 1 
 1 1 1 1 1 121 1
1 1 121 1 1 1 1 
 1 1 1 1 1 1 121
1 121 1 1 1 1 1 
 1 1 1 1 1 1 1 1
1 1 1 1 121 121 
|--Layer 4|
1 1 1 1 1 1 1 12
 121 1 1 1 1 1 1
1 1 1 121 1 1 1 
21 1 1 1 1 1 121
1 1 1 1 1 121 1 
 121 121 1 1 1 1
1 1 1 1 1 1 1 1 
 1 1 1 1 1 1 1 1
1 1 1 1 121 1 1 
 1 1 1 1 1 1 121
1 121 121 1 1 1 
21 1 1 1 121 1 1
1 1 1 1 1 1 1 1 
 1 1 1 1 1 1 1 1
1 1 121 1 121 1 
 121 1 1 1 1 1 1
|--Layer 5|
 1 1 121 1 121 1
1 1 1 1 121 1 1 
 1 1 1 1 1 1 1 1
1 121 1 1 1 1 1 
 1 1 1 121 1 1 1
1 1 1 1 1 1 1 1 
 1 1 1 1 1 1 1 1
121 1 1 1 1 121 
 1 1 1 1 1 1 1 1
1 1 1 1 1 121 1 
 1 1 1 1 1 1 1 1
1 1 1 1 1 1 1 12
 1 1 1 121 121 1
121 1 1 1 1 1 1 
 1 1 1 1 1 1 1 1
1 1 1 121 1 1 1 
|--Layer 6|
1 1 1 1 1 1 1 1 
 1 1 1 1 1 1 1 1
121 121 1 1 1 1 
 1 1 1 1 1 1 1 1
1 1 1 1 1 1 121 
 1 121 1 121 1 1
1 1 1 1 1 1 1 12
 1 1 121 1 1 1 1
1 121 1 1 1 1 1 
 1 1 1 121 1 1 1
121 1 1 1 1 121 
 1 1 1 1 1 1 1 1
1 1 121 1 1 1 1 
 1 1 1 1 1 1 121
1 1 1 1 121 1 1 
21 121 1 1 1 1 1
|--Layer 7|
21 121 121 1 1 1
1 1 1 1 1 1 1 1 
 1 1 1 1 121 121
1 1 1 121 1 1 1 
 1 1 1 1 1 1 1 1
121 1 1 1 1 1 1 
 1 1 1 121 121 1
1 1 1 1 1 1 1 1 
21 1 1 1 1 1 1 1
1 1 121 1 1 1 1 
 1 1 1 1 1 1 1 1
1 121 1 121 1 1 
21 1 1 1 1 1 1 1
1 1 1 1 1 1 1 1 
 1 1 121 1 1 1 1
1 1 1 1 1 121 12
|--Layer 8|
1 1 1 1 1 1 1 12
 1 1 121 1 1 1 1
1 1 1 1 1 1 1 1 
 121 1 1 1 121 1
1 1 1 1 121 1 12
 1 1 121 1 1 1 1
1 121 1 1 1 1 1 
 1 1 1 1 1 1 1 1
1 1 1 1 121 1 12
 121 1 1 1 121 1
1 1 1 121 1 1 1 
 1 1 1 1 1 1 121
1 1 1 1 1 1 1 1 
 1 121 1 121 1 1
1 1 1 1 1 1 121 
 121 1 121 1 1 1
|--Layer 9|
 121 1 1 1 121 1
1 1 1 1 1 1 1 1 
 1 1 1 121 1 1 1
1 1 121 1 1 1 1 
21 1 1 1 1 1 1 1
1 1 1 1 1 1 1 1 
 1 1 1 1 121 1 1
1 1 1 1 1 1 121 
 1 1 121 1 1 1 1
1 1 1 1 1 1 1 1 
 1 121 1 121 1 1
1 1 1 1 1 1 1 1 
 1 1 1 121 121 1
121 1 1 1 1 1 12
 1 1 1 1 1 1 1 1
1 1 1 1 1 1 1 1 
|--Layer 10|
1 1 1 1 121 1 1 
21 1 1 1 1 1 1 1
1 121 1 1 121 12
 1 1 1 1 1 1 1 1
1 1 1 121 1 1 1 
 121 1 1 1 121 1
1 1 121 1 1 1 1 
21 1 1 121 1 1 1
1 121 1 1 1 1 1 
 1 1 1 1 1 1 1 1
121 1 1 1 1 121 
 1 1 1 1 1 1 1 1
1 121 1 1 1 1 1 
 1 1 121 1 1 1 1
1 1 1 1 121 1 1 
21 121 1 1 121 1
|--Layer 11|
 1 1 121 1 1 1 1
1 1 1 1 1 1 1 1 
 1 1 1 1 1 1 1 1
121 1 1 1 1 1 1 
 1 121 1 1 1 121
1 1 1 1 121 1 1 
 1 1 1 1 1 1 1 1
1 1 1 1 1 1 1 12
 1 1 1 1 121 1 1
1 1 1 1 1 1 1 1 
 1 1 121 1 1 1 1
1 1 1 1 121 1 1 
 1 1 1 1 1 1 1 1
1 1 1 1 1 1 121 
 121 1 1 1 1 1 1
1 1 1 121 1 1 12
|--Layer 12|
121 1 1 1 1 1 1 
 1 121 1 121 121
1 1 1 121 1 1 1 
 1 1 1 1 1 121 1
1 1 1 1 1 1 1 1 
 1 1 121 1 1 1 1
1 121 1 1 121 1 
 1 1 1 1 1 1 1 1
1 1 121 1 1 1 1 
 121 1 121 1 121
1 1 1 1 1 121 1 
21 1 1 1 1 1 1 1
1 1 121 1 1 1 12
 1 1 1 121 1 1 1
1 1 1 1 1 121 1 
 1 1 1 1 1 1 1 1
|--Layer 13|
 1 1 1 121 1 1 1
1 1 1 1 1 1 1 1 
21 1 1 1 1 1 1 1
1 1 121 121 1 12
 121 1 1 1 1 1 1
1 1 1 1 1 1 121 
 1 1 1 121 1 1 1
121 1 1 1 1 1 1 
 1 1 1 1 1 121 1
1 1 1 1 1 1 1 1 
 1 121 1 1 1 1 1
1 1 1 1 1 1 121 
 121 1 1 121 1 1
1 1 1 1 1 1 1 1 
 1 1 121 1 1 121
1 1 1 1 121 1 1 
|--Layer 14|
1 1 1 1 1 1 1 12
 121 1 1 1 1 1 1
1 1 1 1 1 121 1 
 1 1 1 1 1 1 1 1
1 1 1 121 1 1 1 
21 1 1 1 1 1 1 1
1 1 1 1 1 1 1 12
 1 121 1 1 1 1 1
1 1 1 1 1 1 1 1 
 1 1 1 1 1 1 1 1
121 1 1 121 1 12
 1 1 121 1 1 1 1
1 1 1 1 1 1 1 1 
 1 1 1 1 1 121 1
1 1 1 1 1 1 1 1 
21 1 1 1 1 1 1 1
|--Layer 15|
21 121 1 1 121 1
1 1 1 1 121 1 1 
 1 1 121 1 1 1 1
1 121 1 1 1 121 
 1 1 1 1 121 1 1
1 1 1 1 1 1 1 1 
 121 121 1 121 1
1 1 1 1 121 1 1 
21 1 1 1 1 1 121
1 121 121 1 1 1 
 1 1 1 1 1 121 1
1 1 1 1 1 1 1 1 
 1 121 121 1 121
121 1 1 1 1 1 1 
 1 1 1 1 121 1 1
1 121 121 1 121 
