|--Layer 0|
15131 1714121 12
21 1213161 181A1
131 141 1 1 1213
6121 1 1 131 1 1
1 131 121 1 1912
21 1 1 1512161 1
1312131 131 1317
415161 171 1 121
1 13121 12131 14
21 19131 181 1 1
1 1215121 1 1213
31 1 1 13121 1 1
1 1A121 151 131 
712141 1 171 141
131 131 1 131513
21 1615121 16121
|--Layer 1|
3121 1219131 141
1 1 1 1 121 1316
91 131 1 1 1 1 1
1 1 151 1 12151 
314121A131 131 1
1 1 1 1 1 141 1 
 1 1 1 121 121 1
1 1 1 1 1 1 1 13
31 1 1 13151 1 1
1 1 1 1 1 121 1 
 131 141 1 13151
1 1 131 1 141 12
21 1 1 1 1 1 1 1
15131 13121 1 1 
41 1 121 1 121 1
1 12171 131 1319
|--Layer 2|
1 141 131 1 1213
 1 1 1 1 151 1 1
121 181 1 131 12
51 1 131 1 1 1 1
1 1 1 1 1 17121 
 1 1 1 1 1 1 1 1
1 1312131 1 1 1 
 121 151 131 1 1
17141 121 1 121 
 1 1 1 1 1 1 131
1 1 1 131216171 
 121 1 1 131 1 1
1 1 1 121 121 13
61 1 181 1 131 1
121 1 1 1 1 1 12
31 131 1 1514181
|--Layer 3|
21312151 1213151
1 171 1 131 1 1 
41 1 1 1 1 121 1
131 121 121 1 1 
 1 1 1 1 131 131
1 1 131 1 1 1 15
21 1 1 1 1 13121
1 1 1 141912141 
81 12131 1 1 1 1
121 1 1 131A1 1 
51 13171 1 121 1
141 121 1 15131 
31 1 1 1 1 1 121
1 12131 1 1 1 1 
 19151 14131 131
1 141 13121 1215
|--Layer 4|
1 1 1 1 1 141 12
3121 131 1 1 171
1 1 1 121 1 131 
21 13141 1 1 121
1 151 131 121 1 
 121 12161 1 181
1 1 1 1 1 1 1 13
A131 1 131 1 1 1
1 1 1 1 121 151 
 1 1 1 1 1 1 121
1 121 121 131 13
2131 1 1 121 1 1
1 1 1 16131 141 
 1 1 1 1 1 1 1 1
131 121 1 121 1 
5121 1 1 1 131 1
|--Layer 5|
5161 12131 121 1
1 131 1 12131 1 
 1 1 1 1 1 1 1 1
1 121 151 1 1 1 
31 1917121 1 161
14131 1 13151314
51 1 131 141 1 1
121 1 1 1 1 121 
31 131 1 131 131
161 1 131 121 1 
 1 1 151 1 1 1 1
1 1 1 1 1 1 1 12
 1 1413121 121 1
121 1 1 1 19131 
 1 131 1 1 1 1 1
171 1 12131 1713
|--Layer 6|
131 13141715131 
 1 1 1 1 161 1 1
121 121 1 1 1 13
 1 1 1 1 131 1 1
1 1 131 1 1 121 
 1 121 1 121 1 1
131 151 1 1 1 12
 1 1 12181 1 1 1
1 12141 151 1 19
4151 1 121 131 1
121 1 1 13141215
 1 131 1 1 1 131
1 1 121 1 131 1 
 131 1 131 15121
141 1 1 121 1 16
2161213151 1 141
|--Layer 7|
21 121 12131 1 1
1 141 1 1 1 1 14
 151 131 1213121
131 1 121 19151 
 1 161 131 141 1
121 1 1 1 1 1 1 
 1 131 121712131
1 171 1 1 131 1 
2131 1 131 1 1 1
1 1 121 1 1 1 13
31 1 131 1 1 1 1
1 121 1 121 1 1 
2181 1 141 181 1
1 1 13171 1 1 1 
31 1 121 1 1 131
1 13141 16121 12
|--Layer 8|
19131 181 1 1 12
 1A1 1213141 131
1 1 1 1 151 1 1 
4121 1 1 1 121 1
1 1 1 1 121 1312
 1 1 121 1 1 1 1
1 121 14131 1 15
31 1 131 1 1 141
1 1 1 1 121 1 12
 12131 1 13121 1
1 1 1 121 1 161 
71 161 151 13121
15131 1 1 1 1 1 
 1 121 1 121 1 1
1 1 1 1 131 1215
 121 1 121 131 1
|--Layer 9|
31215131 1 12161
1 1 1 1 1 1 1 1 
 1 171 12131 1 1
1813121 1 1 1 13
21 14151 1 1 1 1
131 1 131 1 1 1 
61 1 1 1 12131 1
1 151 1 1 1 1213
 1 1 121 1 1 171
131 1 1 1 15131 
 1 121413121 1 1
141 1 1 1 1 1 14
31 1 13121 12131
121 1 1 1 131 12
A1 13151 1 1 1 1
131 1 1314151 13
|--Layer 10|
141 1 16121 131 
2131 141 1 151 1
1 121 1 1 121 12
31 1 1 1 1 131 1
151 1 12141 1 14
712131 1 1312131
1 1 121 151 1 16
21 1 1 121 1 1 1
1 121316131 1 18
 1 1 1 1 191 1 1
1213151 17131213
 1 1 1 1 1 1 1 1
1 121 1 1314151 
 131 121 1A1 1 1
1 14191 121 1317
21 121 1 1312191
|--Layer 11|
51 1 12191 1 1A1
1 1 1 15131 1 13
 161 131 1 1 1 1
121 1 1 1 1 1 1 
 13121 131 1 121
1 1 1 1 121 151 
3141 171 1 141 1
1 131 131 1 1312
 1 1 1 1 121 1 1
1 1 181 141 1 15
51 1 121 1 1 1 1
131 1 13121 131 
61 131 1 1 1 1 1
1 151 14151 121 
3121716131 1 141
1 1 1 121 1 1 12
|--Layer 12|
12131 1 141 181 
 1 121 1 121 121
13141 12171 1 1 
 1 151 1 1 121 1
1 1 131 1 161 17
 1 1 121 1 131 1
1 121 1 1 121 1 
 191 151 1 1 1 1
131A121 1 131 13
412131 121 1 121
1 1 1 1 1 121 1 
21 1 1 1 131 1 1
1 1 121 1 1 1 12
 1 1 1 121 1 131
1 1 1 1 18121 1 
5131 131 1 131 1
|--Layer 13|
 171 1312151 131
1 1 1 1 1 131 1 
21 131 131 1 151
1 1 121 12141312
3121 1 1 1 1 1 1
1 131 131 1 121 
51 1 1 12131 131
121 141 1 1 1 1 
 1 1 1 131 121 1
1 151 1 1 1 131A
 1312131 1 141 1
1 1 1 1 1 1 121 
 12141 1 121 1 1
131 131 1 131 16
 1 1 121 141 121
1 1 151 121 151 
|--Layer 14|
13181 1 131 1712
 121 1 1 1 1 141
1 1 1 1 1 121 1 
4131 131 131 1 1
1 1 1 121 1 1 13
21 1 1 1 151 1 1
1 1 131 1 171912
31 121 1 141 1 1
1 161 1 1 1 151 
 1 1 1 1 131 1 1
121 1 14121 1 12
31 13121 1 1 1 1
1 1 1 1316151 13
71 1 1 1 17121 1
1 1 1 1 131 1 1 
21813141 1 1 131
|--Layer 15|
21412151 1 121 1
15131613121 1 13
31 19121A1 13161
1 1217141 1 121 
61 131 1 121 1 1
13141 18131 1315
 121512161 12141
17131 13121 1 13
21 1 1 151 13121
131213121 1 1617
 141 17131 12131
1 1 1 1 1 131 15
51 1215121 1 121
12131 1 191 1318
3161 131 121 1 1
14121A1215131214
