|--Layer 0|
12131613
71 121 1
131 1412
51 13191
121 1213
31 1 1 1
16121312
21315141
|--Layer 1|
3151 121
1 1 1317
21 1 151
1 121 1 
 141 1 1
1 131816
 1 1 1 1
171 1213
|--Layer 2|
141 1 14
9121 1 1
1 131213
31 1 1 1
1 151 12
21 12131
131 1 15
4121 1 1
|--Layer 3|
21312131
1 1 1 12
 161 1 1
1217131 
 131 1 1
1 1 1 1 
 1 1 121
15131 1 
|--Layer 4|
181 1 15
51 131 1
13121 1 
 1 1 121
1 1 1 13
312131 1
1 191417
21 12131
|--Layer 5|
3121 1 1
1 1 1213
21 151 1
1 131 14
 1 1 1 1
1 1 121 
 131 1 1
1 16151 
|--Layer 6|
17131412
41 1 1 1
1 1 1 18
31 121 1
121 1315
 1 1 1 1
141 1 12
812131 1
|--Layer 7|
21512131
131 1916
 1213171
1 141 13
6131 121
1 121 1 
2151 131
13171214
