|--Layer 0|
1 1 1 1 
 1 1 1 1
1 1 1 1 
 1 1 1 1
1 1 1 1 
 1 1 1 1
1 1 1 1 
 1 1 1 1
|--Layer 1|
 1 1 1 1
1 1 1 1 
 1 1 1 1
1 1 1 1 
 1 1 1 1
1 1 1 1 
 1 1 1 1
1 1 1 1
|--Layer 2|
1 1 1 1 
 1 1 1 1
1 1 1 1 
 1 1 1 1
1 1 1 1 
 1 1 1 1
1 1 1 1 
 1 1 1 1
|--Layer 3|
 1 1 1 1
1 1 1 1 
 1 1 1 1
1 1 1 1 
 1 1 1 1
1 1 1 1 
 1 1 1 1
1 1 1 1
|--Layer 4|
1 1 1 1 
 1 1 1 1
1 1 1 1 
 1 1 1 1
1 1 1 1 
 1 1 1 1
1 1 1 1 
 1 1 1 1
|--Layer 5|
 1 1 1 1
1 1 1 1 
 1 1 1 1
1 1 1 1 
 1 1 1 1
1 1 1 1 
 1 1 1 1
1 1 1 1
|--Layer 6|
1 1 1 1 
 1 1 1 1
1 1 1 1 
 1 1 1 1
1 1 1 1 
 1 1 1 1
1 1 1 1 
 1 1 1 1
|--Layer 7|
 1 1 1 1
1 1 1 1 
 1 1 1 1
1 1 1 1 
 1 1 1 1
1 1 1 1 
 1 1 1 1
1 1 1 1 
