|--Layer 0|
121 1 1 
 1 121 1
1 1 1 12
 1 1 1 1
121 121 
 1 1 1 1
1 121 12
21 1 1 1
|--Layer 1|
 1 1 121
1 1 1 1 
21 1 1 1
1 121 1 
 1 1 1 1
1 1 1 1 
 1 1 1 1
1 1 121 
|--Layer 2|
1 1 1 1 
 121 1 1
1 1 121 
 1 1 1 1
1 1 1 12
21 121 1
1 1 1 1 
 121 1 1
|--Layer 3|
21 121 1
1 1 1 12
 1 1 1 1
121 1 1 
 1 1 1 1
1 1 1 1 
 1 1 121
1 1 1 1 
|--Layer 4|
1 1 1 1 
 1 1 1 1
1 121 1 
 1 1 121
1 1 1 1 
 121 1 1
1 1 1 1 
21 121 1
|--Layer 5|
 121 1 1
1 1 121 
21 1 1 1
1 1 1 1 
 1 1 1 1
1 1 121 
 1 1 1 1
1 1 1 1 
|--Layer 6|
1 1 1 12
 1 1 1 1
1 1 1 1 
 1 121 1
121 1 1 
 1 1 1 1
1 1 1 12
 121 1 1
|--Layer 7|
21 121 1
1 1 1 1 
 121 1 1
1 1 1 1 
 1 1 121
1 121 1 
21 1 1 1
1 1 121 
