|--Layer 0|
12131 13
 1 121 1
131 1412
 1 131 1
121 1213
31 1 1 1
1 121312
2131 141
|--Layer 1|
31 1 121
1 1 131 
21 1 1 1
1 121 1 
 141 1 1
1 131 1 
 1 1 1 1
1 1 1213
|--Layer 2|
141 1 14
 121 1 1
1 131213
31 1 1 1
1 1 1 12
21 12131
131 1 1 
4121 1 1
|--Layer 3|
21312131
1 1 1 12
 1 1 1 1
121 131 
 131 1 1
1 1 1 1 
 1 1 121
1 131 1 
|--Layer 4|
1 1 1 1 
 1 131 1
13121 1 
 1 1 121
1 1 1 13
312131 1
1 1 141 
21 12131
|--Layer 5|
3121 1 1
1 1 1213
21 1 1 1
1 131 14
 1 1 1 1
1 1 121 
 131 1 1
1 1 1 1 
|--Layer 6|
1 131412
41 1 1 1
1 1 1 1 
31 121 1
121 131 
 1 1 1 1
141 1 12
 12131 1
|--Layer 7|
21 12131
131 1 1 
 12131 1
1 141 13
 131 121
1 121 1 
21 1 131
131 1214
